,L,xi,beta,std_s,seed,alpha
0,100,inf,0.05,0.8425290303793855,783,5.522388054916239
1,100,inf,0.11785714285714285,0.6627265542552478,521,3.977981225787951
2,100,inf,0.18571428571428572,0.5269341646105598,710,3.880569109318404
3,100,inf,0.25357142857142856,0.4125477434923067,780,2.836098823687156
4,100,inf,0.3214285714285714,0.33161928373303284,957,2.752611584667531
5,100,inf,0.38928571428571423,0.2649623255218042,111,2.142767788351294
6,100,inf,0.45714285714285713,0.21575930327637008,444,1.7545685075491555
7,100,inf,0.525,0.17788928168087642,953,1.501991151820971
8,100,inf,0.5928571428571429,0.13899084295265815,549,1.4663221401012392
9,100,inf,0.6607142857142857,0.11794755517728477,514,1.3109354106956825
10,100,inf,0.7285714285714285,0.09907276419311026,504,0.9572727587580643
11,100,inf,0.7964285714285714,0.07916697414649254,732,1.1234501865734245
12,100,inf,0.8642857142857143,0.07564547812583731,564,0.8708768943064478
13,100,inf,0.9321428571428572,0.06214287869559828,280,0.9306341650450687
14,100,inf,1.0,0.05376693664244142,224,0.8318198603968048
15,422,inf,0.05,0.7823991624513156,128,5.392198441352569
16,422,inf,0.11785714285714285,0.5593799212076768,816,4.212177048421614
17,422,inf,0.18571428571428572,0.3993441760152765,7,3.468042884201982
18,422,inf,0.25357142857142856,0.2887044997690137,494,2.93004538584918
19,422,inf,0.3214285714285714,0.20938221744008065,358,2.485389866762555
20,422,inf,0.38928571428571423,0.15132694943210798,959,2.2030581300058287
21,422,inf,0.45714285714285713,0.1109572067477837,148,1.868832349880647
22,422,inf,0.525,0.0814587125233382,111,1.533463998343377
23,422,inf,0.5928571428571429,0.06100320136462452,115,1.3511011931520198
24,422,inf,0.6607142857142857,0.04612501032786316,108,0.9333702538779183
25,422,inf,0.7285714285714285,0.034539334541212274,127,1.0120157457865164
26,422,inf,0.7964285714285714,0.026775762466016456,55,0.8924445739768402
27,422,inf,0.8642857142857143,0.022153757215944613,473,0.6809402362010969
28,422,inf,0.9321428571428572,0.016970994264709185,770,0.7870136622711845
29,422,inf,1.0,0.013649668130289238,290,0.7476419037693895
30,744,inf,0.05,0.7575549712002356,785,5.4769981099887675
31,744,inf,0.11785714285714285,0.5208720587320441,866,4.101247100659861
32,744,inf,0.18571428571428572,0.3604953021945881,94,3.463981295726908
33,744,inf,0.25357142857142856,0.24993438725847011,478,2.931619188567295
34,744,inf,0.3214285714285714,0.173881589414796,126,2.502674830270346
35,744,inf,0.38928571428571423,0.1214654464484172,283,2.1827695310770623
36,744,inf,0.45714285714285713,0.08552067203672307,765,1.87101765749173
37,744,inf,0.525,0.06060194699536186,25,1.5798187017137726
38,744,inf,0.5928571428571429,0.04366841820859842,555,1.2497287386952813
39,744,inf,0.6607142857142857,0.03162442316765695,398,1.0428602433377832
40,744,inf,0.7285714285714285,0.02302709507732657,622,0.9761108613547536
41,744,inf,0.7964285714285714,0.017414266389703937,317,0.7495641183177952
42,744,inf,0.8642857142857143,0.013158193160758072,942,0.7613344041170166
43,744,inf,0.9321428571428572,0.010846809316593002,243,0.6812627507786926
44,744,inf,1.0,0.008433056637281961,253,0.6301286820362109
45,1066,inf,0.05,0.7441493089451542,850,5.392420635029271
46,1066,inf,0.11785714285714285,0.5000578843349636,468,4.122340810377738
47,1066,inf,0.18571428571428572,0.33696326984527525,535,3.4322073586100075
48,1066,inf,0.25357142857142856,0.2283277382304191,335,2.901717171158236
49,1066,inf,0.3214285714285714,0.15486183702356893,645,2.4953552103493464
50,1066,inf,0.38928571428571423,0.10559386831288095,818,2.1763026154620513
51,1066,inf,0.45714285714285713,0.07249567410630595,347,1.8540367615756816
52,1066,inf,0.525,0.0502693223733037,133,1.5498237044937258
53,1066,inf,0.5928571428571429,0.03516721112971584,473,1.2549131015101067
54,1066,inf,0.6607142857142857,0.024941291366210986,776,0.9822387911193418
55,1066,inf,0.7285714285714285,0.017942481118922923,551,0.7687921039453657
56,1066,inf,0.7964285714285714,0.013104597663655074,760,0.7455353827639664
57,1066,inf,0.8642857142857143,0.009702877581851526,116,0.7559125367340339
58,1066,inf,0.9321428571428572,0.007858736706412718,444,0.5715594038346435
59,1066,inf,1.0,0.00639564250494878,955,0.4992722945327533
60,1388,inf,0.05,0.7354211644068328,975,5.464096675096804
61,1388,inf,0.11785714285714285,0.48507932144623406,264,4.118697500439119
62,1388,inf,0.18571428571428572,0.3209131563230269,868,3.4323680890398136
63,1388,inf,0.25357142857142856,0.213254175604349,270,2.9176124108084354
64,1388,inf,0.3214285714285714,0.1421914080819109,848,2.492836467474275
65,1388,inf,0.38928571428571423,0.09544041482103366,315,2.1467040402792494
66,1388,inf,0.45714285714285713,0.06429658902257358,305,1.8564841270932353
67,1388,inf,0.525,0.043762821396123294,558,1.5596019019099348
68,1388,inf,0.5928571428571429,0.030058959982139467,442,1.2708069156620792
69,1388,inf,0.6607142857142857,0.020863618034238987,622,1.0334022806304128
70,1388,inf,0.7285714285714285,0.01463634130754954,689,0.9497962471513078
71,1388,inf,0.7964285714285714,0.01089463729731943,746,0.673350136979418
72,1388,inf,0.8642857142857143,0.007781867706440769,995,0.7336961972900774
73,1388,inf,0.9321428571428572,0.005999319714476057,281,0.6259499893824442
74,1388,inf,1.0,0.00458374768656025,28,0.6086438131665234
75,1711,inf,0.05,0.7275790318421467,295,5.4849470783246375
76,1711,inf,0.11785714285714285,0.4730050583687978,403,4.117329748540895
77,1711,inf,0.18571428571428572,0.3087228779508358,746,3.4309882321784526
78,1711,inf,0.25357142857142856,0.20205971109500195,88,2.9124437380760777
79,1711,inf,0.3214285714285714,0.1330056940987916,325,2.508460599473597
80,1711,inf,0.38928571428571423,0.08783893791363441,218,2.158743305413727
81,1711,inf,0.45714285714285713,0.058507130605816964,727,1.8342942907933735
82,1711,inf,0.525,0.039172814787405155,766,1.5452490045413572
83,1711,inf,0.5928571428571429,0.02656492221697051,175,1.2390005298129443
84,1711,inf,0.6607142857142857,0.018240811949883803,793,1.0158342777555378
85,1711,inf,0.7285714285714285,0.012598398922055413,521,0.9167101221048013
86,1711,inf,0.7964285714285714,0.009044855102900696,674,0.7722508548661513
87,1711,inf,0.8642857142857143,0.006583226697086649,201,0.6898285193406412
88,1711,inf,0.9321428571428572,0.005092611411201402,264,0.6484199097352326
89,1711,inf,1.0,0.003957986177526301,259,0.6038637727246338
90,2033,inf,0.05,0.7211365893049425,850,5.401209990892846
91,2033,inf,0.11785714285714285,0.463551228188499,150,4.126778814034629
92,2033,inf,0.18571428571428572,0.2989856402752529,634,3.412006175041062
93,2033,inf,0.25357142857142856,0.19364619935485522,802,2.9074397354510637
94,2033,inf,0.3214285714285714,0.12578144647411074,478,2.502793932793395
95,2033,inf,0.38928571428571423,0.08221955607983912,394,2.1577314475235987
96,2033,inf,0.45714285714285713,0.05404950251605333,691,1.8303638269800573
97,2033,inf,0.525,0.03579867435344128,748,1.5450864543432652
98,2033,inf,0.5928571428571429,0.02394544007686821,896,1.262871960111883
99,2033,inf,0.6607142857142857,0.016304827529065456,871,0.963759357610974
100,2033,inf,0.7285714285714285,0.011187050475522079,966,0.8646707499255945
101,2033,inf,0.7964285714285714,0.008026607504313325,142,0.65780618321409
102,2033,inf,0.8642857142857143,0.005933010255328068,342,0.4491154549903175
103,2033,inf,0.9321428571428572,0.004489476403609464,351,0.5587717711291538
104,2033,inf,1.0,0.0037329764263458924,105,0.5639255098376065
105,2355,inf,0.05,0.715926445029185,661,5.4055736292488
106,2355,inf,0.11785714285714285,0.45560025686371597,168,4.127328344696416
107,2355,inf,0.18571428571428572,0.2910179278276342,791,3.409871884536368
108,2355,inf,0.25357142857142856,0.1865134104888841,68,2.917182117245161
109,2355,inf,0.3214285714285714,0.11998867337479605,422,2.502547855176958
110,2355,inf,0.38928571428571423,0.0775810758701702,382,2.160482127619193
111,2355,inf,0.45714285714285713,0.05055744479790882,312,1.8300440532658235
112,2355,inf,0.525,0.03315113675821681,281,1.545818602501957
113,2355,inf,0.5928571428571429,0.02196983116507078,942,1.2509231798810192
114,2355,inf,0.6607142857142857,0.014798458502245862,173,0.953204176239792
115,2355,inf,0.7285714285714285,0.010102813082144273,568,0.8391826578984294
116,2355,inf,0.7964285714285714,0.00696304129437715,885,0.7994457649463281
117,2355,inf,0.8642857142857143,0.005005512005779995,914,0.681363224802222
118,2355,inf,0.9321428571428572,0.0038799042471654994,693,0.5110978627302212
119,2355,inf,1.0,0.00297425748060174,387,0.555967685390335
120,2677,inf,0.05,0.7116559363640851,754,5.405855172046718
121,2677,inf,0.11785714285714285,0.4488268496343114,951,4.140927527004861
122,2677,inf,0.18571428571428572,0.28404097492974884,872,3.4190798193237693
123,2677,inf,0.25357142857142856,0.1805647160370525,604,2.9086867184227416
124,2677,inf,0.3214285714285714,0.11512657180877119,309,2.5075722473169906
125,2677,inf,0.38928571428571423,0.07386278206808447,25,2.157487781115637
126,2677,inf,0.45714285714285713,0.047619485662890676,691,1.8517213674072952
127,2677,inf,0.525,0.031017310842243746,241,1.5492986419753596
128,2677,inf,0.5928571428571429,0.02033842184643269,710,1.274132581474963
129,2677,inf,0.6607142857142857,0.013534000801980623,859,0.9892997783322357
130,2677,inf,0.7285714285714285,0.009236172735905249,55,0.7859757343680971
131,2677,inf,0.7964285714285714,0.006364719058334572,250,0.6980013784280116
132,2677,inf,0.8642857142857143,0.004622455039752951,949,0.6510160369913156
133,2677,inf,0.9321428571428572,0.003349019402045436,136,0.4592926722187656
134,2677,inf,1.0,0.0026055333807849046,448,0.5083878387092653
135,3000,inf,0.05,0.7070118863827055,530,5.4275316136241925
136,3000,inf,0.11785714285714285,0.4427772969373612,4,4.123829224551289
137,3000,inf,0.18571428571428572,0.2782404394200499,857,3.421919424747744
138,3000,inf,0.25357142857142856,0.17537814467231122,37,2.9093472879130102
139,3000,inf,0.3214285714285714,0.1110552983440935,976,2.4976199993095727
140,3000,inf,0.38928571428571423,0.07068134628345409,238,2.152716562025983
141,3000,inf,0.45714285714285713,0.045232439040947696,987,1.8388673321627123
142,3000,inf,0.525,0.02920545498054043,955,1.527565884545904
143,3000,inf,0.5928571428571429,0.01903232048052159,483,1.258501717195328
144,3000,inf,0.6607142857142857,0.012577805289379929,936,0.9650510825336877
145,3000,inf,0.7285714285714285,0.008438877918714612,593,0.799931233676786
146,3000,inf,0.7964285714285714,0.005857019066286327,475,0.6652482459147125
147,3000,inf,0.8642857142857143,0.004058991374632325,186,0.6208933240296405
148,3000,inf,0.9321428571428572,0.002966300597681858,921,0.6164591056578261
149,3000,inf,1.0,0.002459607948843994,573,0.421390586587166
